Participant	Gender	First_Gen	Bio340_at_ASU	Ethnicity	RecitationPair_Time	Grade	Letter_Grade	Pre_1	Pre_2	Pre_3	Pre_4	Pre_5	Pre_6	Pre_7	Pre_8	Pre_9	Pre_10	Pre_11	Pre_12	Pre_13	Pre_14	Pre_15	Pre_16	Pre_17	Pre_18	Pre_19	Pre_20	Pre_21	Pre_22	Post_1	Post_2	Post_3	Post_4	Post_5	Post_6	Post_7	Post_8	Post_9	Post_10	Post_11	Post_12	Post_13	Post_14	Post_15	Post_16	Post_17	Post_18	Post_19	Post_20	Post_21	Post_22	Exam3_Q23	Exam3_Q24	Exam3_Q25	Final_Q25
1	M	N	Y	6	Pair1_430	0.819333333	B	0	1	1	1	0	0	1	0	1	1	1	1	1	1	0	1	0	0	0	1	1	0	0	0	1	0	1	1	0	1	0	1	0	1	0	0	1	0	0	1	1	1	0	0	1	1	0	NA
2	M	Y	Y	6	Pair2_600	0.908	A	0	1	1	1	1	0	1	0	1	0	0	0	0	1	1	0	1	0	1	0	1	1	0	0	1	1	0	0	1	0	1	0	1	0	0	0	1	0	1	0	1	0	1	1	1	1	0	NA
3	M	N	Y	6	Pair2_430	0.732	C	0	0	1	1	0	0	0	1	1	1	1	0	0	0	0	1	1	1	0	1	0	1	0	0	1	1	1	0	1	0	1	0	1	0	1	0	0	0	1	1	0	1	1	0	1	0	1	NA
4	F	Y	Y	1	Pair1_430	0.772168675	C	0	0	1	1	0	1	1	1	1	1	1	1	1	0	0	0	0	1	1	1	0	1	0	1	1	1	0	0	0	0	1	1	0	1	1	1	1	0	0	0	1	1	0	1	1	1	0	1
5	M	Y	Y	4	Pair1_300	0.745710843	C	0	0	1	1	0	1	0	0	0	1	1	1	1	1	1	1	0	0	1	1	1	1	0	0	1	1	1	1	0	0	1	0	1	1	1	0	1	1	1	1	0	1	0	0	1	0	1	0
6	F	N	Y	6	Pair2_430	0.83	B	0	1	1	0	1	1	1	1	1	0	0	0	1	1	1	1	0	0	1	0	1	0	0	1	1	1	0	0	1	1	1	0	1	0	1	1	1	0	0	1	0	1	0	1	1	1	0	NA
7	M	Y	Y	2	Pair2_300	0.859333333	B	0	1	0	1	1	1	0	0	0	0	0	0	0	1	1	0	0	0	1	0	1	0	0	0	1	1	1	1	1	1	1	0	1	1	0	0	1	0	0	1	1	1	0	1	1	0	0	NA
8	F	N	Y	6	Pair1_430	0.883827309	B	0	0	1	1	1	1	1	1	1	1	0	1	0	1	1	0	0	1	0	0	1	1	0	0	1	1	1	1	1	1	1	1	1	1	1	0	1	0	1	1	1	1	1	1	1	1	0	1
9	F	N	Y	6	Pair1_430	0.80724498	B	1	1	1	1	0	1	0	0	1	1	0	1	1	1	1	0	0	1	0	0	0	1	0	0	1	0	0	1	1	0	0	0	1	0	0	1	1	1	1	0	0	1	1	0	1	1	0	1
10	F	Y	Y	4	Pair1_430	0.719	C	1	1	1	1	1	0	0	0	1	1	1	0	1	1	1	1	0	1	1	1	1	0	0	1	1	1	0	0	1	0	1	1	1	0	1	0	0	0	0	1	1	0	0	0	1	0	0	NA
11	F	Y	Y	6	Pair1_300	0.872216867	B	1	1	0	1	0	0	1	0	1	0	1	0	1	0	1	1	0	1	1	1	1	0	0	1	0	0	0	0	1	0	1	0	1	1	1	1	1	1	0	1	1	1	0	0	1	0	1	0
12	F	N	Y	3_6	Pair2_600	0.849578313	B	1	0	1	1	0	0	1	0	0	1	0	0	0	1	1	0	0	1	1	1	1	1	0	0	1	1	0	0	1	0	1	1	1	0	1	1	1	1	0	1	0	0	1	0	1	0	1	1
13	F	N	Y	6	Pair2_600	0.79653012	B	1	0	1	0	0	0	1	0	1	1	1	0	0	0	1	0	0	1	1	1	1	0	0	0	1	1	0	0	1	1	1	0	1	0	1	1	1	0	1	0	1	1	0	0	1	1	0	1
14	F	Y	Y	3_4	Pair2_730	0.791666667	C	1	1	0	0	0	0	1	0	1	0	0	0	1	1	1	0	0	0	0	1	0	0	0	1	1	0	0	0	1	0	1	1	1	0	1	0	1	1	0	1	0	1	1	0	1	1	0	1
15	F	Y	Y	6	Pair1_300	0.792987952	C	1	1	0	1	0	0	0	0	1	1	0	0	0	0	1	0	0	0	1	0	1	0	0	1	1	1	1	0	1	0	1	0	0	0	1	1	1	1	0	1	0	1	0	0	1	0	1	1
16	F	N	Y	2	Pair2_300	0.728919679	C	1	0	0	1	0	0	1	0	0	1	0	0	0	0	1	0	0	1	0	0	1	0	0	0	1	1	0	0	1	0	1	1	1	0	1	1	1	1	0	1	0	0	1	0	1	1	0	1
17	F	Y	Y	2	Pair2_300	0.908	A	1	0	0	0	1	0	1	1	0	0	1	1	0	0	1	0	1	1	1	1	0	0	0	1	0	1	1	0	1	1	0	1	1	1	1	0	1	0	1	1	0	1	0	0	1	0	0	NA
18	F	N	Y	6	Pair2_600	0.903751004	A	1	1	1	1	0	0	1	0	1	1	1	0	1	0	1	0	1	1	0	1	1	1	0	1	1	1	0	0	1	0	1	1	0	1	1	1	1	0	1	1	0	1	0	1	1	1	0	1
19	F	N	Y	6	Pair1_430	0.876626506	B	1	0	1	0	0	0	0	0	1	0	0	1	0	0	1	0	0	0	1	1	1	1	0	1	1	1	1	0	1	0	1	1	0	1	1	1	1	0	0	0	1	1	1	0	1	0	1	1
20	F	Y	Y	2	Pair2_430	0.807333333	B	1	0	1	1	1	0	1	0	0	1	1	0	0	0	1	1	0	1	1	0	0	1	0	0	1	1	1	0	1	1	0	1	1	1	0	0	1	1	1	1	1	0	1	0	1	1	0	NA
21	F	N	Y	4	Pair2_430	0.837654618	B	1	0	0	0	0	0	1	1	1	1	0	0	0	0	0	1	1	1	1	0	1	1	0	1	1	0	0	0	1	1	0	1	1	1	1	1	1	1	1	1	1	0	0	1	1	0	1	1
22	F	N	Y	6	Pair2_430	0.828666667	B	1	0	0	0	1	0	1	1	1	0	1	1	1	1	1	1	1	1	1	1	1	1	0	0	1	1	1	0	1	1	1	0	1	1	1	1	1	1	1	1	1	1	1	1	NA	NA	NA	NA
23	F	Y	Y	2	Pair1_300	0.711333333	C	1	1	0	1	1	0	0	1	0	0	0	1	0	0	1	0	1	1	0	1	0	0	NA	NA	NA	NA	NA	NA	NA	NA	NA	NA	NA	NA	NA	NA	NA	NA	NA	NA	NA	NA	NA	NA	1	0	1	NA
24	M	Y	Y	3	Pair2_430	0.696666667	C	NA	NA	NA	NA	NA	NA	NA	NA	NA	NA	NA	NA	NA	NA	NA	NA	NA	NA	NA	NA	NA	NA	0	0	1	1	0	0	0	1	1	1	1	1	1	0	0	0	0	0	0	0	1	0	1	0	0	NA
25	M	Y	Y	6	Pair1_730	0.786558233	C	NA	NA	NA	NA	NA	NA	NA	NA	NA	NA	NA	NA	NA	NA	NA	NA	NA	NA	NA	NA	NA	NA	0	0	1	1	0	1	1	0	1	1	0	1	1	1	0	1	1	1	1	1	1	0	1	0	1	0
26	M	N	Y	4_6	Pair2_300	0.832064257	B	NA	NA	NA	NA	NA	NA	NA	NA	NA	NA	NA	NA	NA	NA	NA	NA	NA	NA	NA	NA	NA	NA	0	1	1	1	0	0	1	0	1	1	1	1	1	1	1	1	1	1	1	1	1	1	1	0	0	1
27	M	N	Y	6	Pair1_300	0.773710843	C	0	0	1	1	0	0	1	0	1	1	0	1	1	1	1	0	1	0	1	0	1	0	1	0	1	1	0	0	0	0	1	1	0	0	1	0	0	0	0	1	0	0	1	0	1	1	0	0
28	F	N	Y	6	Pair2_430	0.894855422	B	0	0	1	1	0	0	1	0	0	1	1	0	1	0	1	1	0	1	1	0	0	0	1	0	1	1	0	0	1	0	0	0	0	0	1	1	1	0	0	1	0	0	1	0	0	0	0	1
29	M	N	Y	2	Pair1_300	0.828550201	B	0	1	1	1	1	1	1	0	1	0	1	0	1	0	1	0	0	0	1	1	0	0	1	0	0	0	0	0	1	1	1	0	1	1	0	1	0	0	1	0	0	1	0	0	1	0	1	1
30	M	Y	Y	4_6	Pair2_600	0.815333333	B	0	0	0	1	0	0	1	0	0	0	1	1	0	0	1	1	0	1	1	0	1	1	1	1	1	1	0	0	0	0	0	1	1	0	1	0	1	0	1	1	0	1	0	0	1	1	0	NA
31	F	Y	Y	2_3	Pair2_430	0.850666667	B	0	0	1	1	1	0	1	0	1	0	0	1	1	0	0	1	0	1	1	1	0	0	1	0	1	1	1	0	0	1	1	0	1	0	1	0	1	0	0	1	0	0	1	1	1	1	0	1
32	F	Y	Y	4	Pair2_730	0.762666667	C	0	1	1	0	1	1	0	0	1	1	1	0	1	0	1	1	0	1	0	1	1	0	1	0	1	1	1	1	0	0	1	1	1	0	1	0	0	0	0	1	0	0	1	1	1	1	0	NA
33	M	Y	Y	4	Pair2_730	0.748666667	C	0	0	1	1	0	1	0	0	1	1	1	0	0	0	1	1	0	0	0	1	0	0	1	1	1	1	0	0	1	1	0	1	1	0	0	0	1	1	1	0	0	1	0	0	NA	NA	NA	NA
34	M	N	Y	6	Pair2_300	0.747333333	C	0	0	1	1	0	0	1	0	0	1	1	0	1	0	0	0	0	1	1	1	1	0	1	0	0	0	1	0	1	0	1	1	1	1	1	0	0	0	1	1	0	1	0	1	1	1	0	NA
35	F	Y	Y	4	Pair2_430	0.786835341	C	0	1	1	1	0	0	0	0	0	1	0	0	1	1	1	1	0	1	1	0	0	0	1	1	1	1	1	0	0	0	0	1	1	1	1	0	1	1	0	1	0	1	0	0	1	1	0	0
36	F	N	Y	6	Pair1_730	0.726710843	C	0	0	1	1	0	0	1	0	1	0	0	0	1	0	1	0	1	1	0	1	0	0	1	0	1	1	1	1	0	0	1	0	1	0	1	0	1	0	1	0	1	1	0	1	1	0	1	1
37	M	Y	Y	4	Pair1_730	0.867333333	B	0	0	1	0	0	1	1	1	1	0	1	1	0	0	1	1	0	1	1	1	1	1	1	0	1	0	0	1	0	1	1	1	1	0	1	1	0	1	0	1	0	0	1	1	0	1	0	1
38	F	N	Y	6	Pair1_300	0.839333333	B	0	1	1	0	1	0	1	0	1	1	1	0	0	1	0	1	0	1	1	0	1	1	1	1	1	1	0	0	0	1	0	1	1	1	0	1	0	0	0	1	1	1	1	0	1	1	0	NA
39	M	N	Y	6	Pair1_430	0.857666667	B	0	0	0	1	0	0	0	1	1	0	0	0	0	0	1	1	1	0	0	1	0	0	1	0	0	1	1	0	1	0	1	1	1	1	0	1	1	0	0	1	1	0	1	0	1	0	0	NA
40	F	N	Y	6	Pair2_430	0.734666667	C	0	0	0	1	1	0	0	1	1	1	0	0	0	0	1	1	0	1	0	1	1	0	1	1	1	1	1	0	1	0	1	1	1	0	0	0	1	1	1	1	0	1	1	0	NA	NA	NA	NA
41	M	Y	Y	2	Pair2_600	0.836	B	0	1	0	0	0	1	1	1	1	1	1	1	0	1	1	0	1	0	1	1	1	1	1	1	1	1	0	0	1	0	0	1	1	0	1	1	1	0	0	1	1	1	1	1	1	1	0	NA
42	F	Y	Y	1_6	Pair2_730	0.909008032	A	0	0	1	1	1	1	1	1	0	1	1	0	1	0	1	0	1	1	0	0	0	0	1	0	1	1	1	1	1	1	1	1	1	0	1	0	1	0	1	1	0	1	0	1	1	0	0	1
43	F	N	Y	6	Pair2_300	0.880333333	B	0	1	1	0	1	1	1	1	0	1	1	0	0	0	0	0	1	1	1	0	1	1	1	1	0	0	1	1	1	0	1	1	1	0	1	0	1	1	1	1	0	1	1	1	1	0	0	NA
44	F	N	Y	6	Pair2_600	0.727666667	C	0	1	1	0	0	0	1	1	1	0	1	0	0	0	1	1	0	1	0	0	0	1	1	0	1	1	1	1	1	0	1	0	1	0	1	0	1	1	1	1	1	1	1	1	NA	NA	NA	NA
45	F	Y	Y	4	Pair2_430	0.899333333	A	0	0	0	0	0	0	0	1	1	0	0	0	1	0	0	1	0	0	0	0	1	1	1	1	0	1	1	1	1	1	0	1	0	1	1	1	1	1	1	1	1	0	1	1	1	0	1	1
46	M	Y	Y	4	Pair1_300	0.935333333	A	0	0	1	0	0	0	1	1	1	1	0	0	0	0	0	1	1	1	1	0	1	0	1	1	1	1	1	0	1	1	1	1	0	0	1	1	1	0	1	1	1	1	1	1	1	1	0	NA
47	M	N	Y	6	Pair2_730	0.954666667	A	0	1	1	1	1	0	1	0	1	1	1	0	0	0	1	1	0	1	0	1	1	0	1	0	1	1	1	1	1	1	1	1	1	1	1	0	1	1	0	1	1	1	1	0	1	1	0	NA
48	M	N	Y	6	Pair1_300	0.940333333	A	0	0	1	0	0	0	1	1	1	0	0	1	1	0	1	1	1	1	1	1	1	1	1	0	1	0	1	1	1	1	1	1	1	1	1	1	1	1	1	1	1	1	1	1	1	0	1	NA
49	M	Y	Y	2_6	Pair1_730	0.860333333	B	1	0	0	0	0	1	0	0	1	1	0	1	1	1	1	0	1	0	0	1	1	0	1	0	1	1	0	0	0	0	0	1	0	0	1	0	1	0	0	0	0	0	0	0	1	0	0	NA
50	M	Y	Y	6	Pair2_600	0.845341365	B	1	0	1	1	0	1	1	0	1	1	1	0	1	1	1	1	0	0	0	0	0	0	1	0	1	0	0	0	0	0	0	1	1	0	0	0	1	1	0	1	0	0	0	1	1	0	1	1
51	F	N	Y	2	Pair1_600	0.9	A	1	0	1	0	1	1	1	1	0	1	1	0	0	1	0	0	1	0	0	0	1	0	1	0	0	1	0	0	1	0	1	0	0	1	1	1	0	0	0	0	0	0	0	1	1	1	0	NA
52	F	N	Y	6	Pair1_430	0.924875502	A	1	0	0	0	1	0	1	1	0	0	1	1	0	0	1	0	1	1	1	1	0	0	1	1	0	1	0	0	1	1	1	0	0	0	0	0	1	0	0	1	0	0	0	1	1	0	1	1
53	F	N	Y	2	Pair1_430	0.895036145	A	1	0	0	1	1	1	0	0	1	1	1	0	0	0	0	0	1	1	1	0	1	0	1	0	0	1	1	1	0	1	0	0	0	1	1	0	0	1	0	0	1	1	0	0	1	1	0	1
54	F	N	Y	6	Pair2_300	0.790550201	C	1	1	0	0	1	0	1	0	0	1	1	0	1	1	1	0	0	0	0	0	0	0	1	1	1	0	1	0	1	0	1	0	1	0	0	0	1	1	0	1	0	0	0	0	0	0	0	1
55	F	Y	Y	5	Pair2_300	0.803	B	1	0	0	1	1	0	1	1	0	1	0	0	0	0	0	0	1	1	1	1	0	0	1	0	0	1	0	0	0	1	1	1	0	0	0	0	1	1	0	1	0	1	0	1	1	0	0	NA
56	F	N	Y	6	Pair2_730	0.752333333	C	1	0	1	0	1	0	0	0	1	0	1	0	0	0	1	0	0	1	1	0	1	1	1	0	1	0	1	0	1	1	1	0	1	0	1	0	0	0	0	1	1	0	0	0	1	0	0	NA
57	M	Y	Y	2_5_6	Pair1_430	0.811333333	B	1	0	0	0	0	0	1	1	1	1	1	0	1	1	1	0	0	1	0	0	0	1	1	0	0	0	1	0	1	0	0	1	1	1	1	0	1	0	1	0	0	0	1	0	1	1	1	NA
58	M	Y	Y	6	Pair2_430	0.798036145	B	1	0	0	0	0	1	1	1	1	0	0	1	1	1	1	0	0	0	1	1	1	0	1	1	1	0	0	0	1	0	1	0	1	1	1	0	0	0	0	1	0	1	1	0	1	0	0	0
59	F	Y	Y	6	Pair1_730	0.802341365	B	1	1	1	0	1	0	0	0	1	1	1	1	1	1	1	0	1	1	1	0	0	0	1	0	1	1	0	1	0	0	1	1	0	0	0	1	1	0	1	0	0	1	1	0	1	1	0	1
60	M	N	Y	4_6	Pair2_430	0.729807229	C	1	0	1	1	1	1	0	1	0	0	0	0	0	0	1	1	0	1	0	1	1	0	1	0	1	1	1	1	0	0	0	0	0	1	1	0	1	1	0	1	0	0	1	0	1	1	0	1
61	F	N	N	6	Pair2_430	0.770666667	C	1	1	1	1	0	0	1	0	1	1	0	1	1	0	1	0	0	1	1	0	1	0	1	0	1	1	0	0	1	0	0	1	1	0	1	0	1	0	1	0	0	1	1	0	1	1	0	NA
62	M	N	Y	5_6	Pair2_600	0.821216867	B	1	1	1	0	1	0	1	0	0	0	0	0	1	1	1	1	1	1	0	0	0	0	1	0	1	0	1	0	1	0	1	0	1	0	1	0	0	0	0	1	1	1	1	1	1	1	0	0
63	F	Y	Y	4_6	Pair2_430	0.786654618	C	1	1	0	0	0	0	1	0	1	0	1	1	0	0	1	1	0	1	1	0	1	0	1	0	1	1	0	0	1	0	1	1	0	0	1	0	1	0	1	1	1	0	1	0	1	0	0	1
64	F	N	Y	6	Pair1_600	0.962	A	1	1	1	1	0	0	1	0	1	1	1	0	0	0	1	1	0	1	1	1	1	1	1	1	1	1	0	0	1	0	1	1	1	0	1	0	0	0	0	1	0	1	1	0	1	0	1	NA
65	F	N	Y	4	Pair1_430	0.815666667	B	1	1	0	0	0	1	1	1	0	0	1	0	0	1	0	1	0	1	0	0	1	1	1	0	1	1	0	0	0	0	1	0	0	0	1	1	1	1	0	1	1	1	0	1	1	0	1	NA
66	F	N	Y	2	Pair1_430	0.905	A	1	1	1	0	0	0	1	0	0	0	1	0	0	0	1	1	0	1	1	0	1	0	1	1	1	0	0	0	1	0	1	1	0	1	0	0	1	1	0	1	0	1	1	0	1	0	1	NA
67	F	N	Y	6	Pair1_430	0.738481928	C	1	1	0	0	0	0	1	0	1	0	0	1	1	1	1	0	0	1	0	0	1	0	1	1	0	1	0	0	1	1	0	1	1	0	1	0	1	0	0	1	1	0	1	1	1	1	0	0
68	M	N	Y	6	Pair1_430	0.729044177	C	1	0	0	0	0	0	1	0	1	0	0	0	0	0	1	1	0	1	1	1	0	0	1	0	1	0	1	0	1	0	1	1	0	1	1	1	1	1	0	1	0	1	0	0	1	1	0	0
69	F	N	Y	6	Pair2_300	0.891931727	B	1	1	1	0	1	0	1	1	1	1	0	1	1	1	1	1	0	0	1	0	1	1	1	0	1	0	1	0	1	1	1	1	0	0	0	1	1	1	0	0	1	0	1	1	1	0	1	1
70	F	Y	Y	4	Pair2_730	0.828	B	1	1	1	0	0	0	1	0	0	1	1	0	0	0	1	0	0	0	1	1	0	1	1	1	1	0	1	0	1	0	1	0	1	1	1	0	1	0	0	0	1	1	0	1	1	1	0	NA
71	F	N	Y	6	Pair2_300	0.865333333	B	1	1	1	1	1	1	0	1	1	1	0	1	0	0	0	1	1	1	0	1	0	1	1	0	1	1	1	0	0	0	1	0	0	1	1	0	1	0	1	1	1	0	1	1	1	0	1	NA
72	F	Y	Y	6	Pair1_430	0.833666667	B	1	0	0	1	1	0	0	0	1	1	0	0	0	0	1	1	0	1	0	1	1	0	1	1	1	1	0	0	0	0	1	1	1	1	1	0	1	0	0	1	0	1	1	0	1	1	0	NA
73	F	N	Y	6	Pair2_600	0.907	A	1	1	1	1	0	0	1	1	1	1	1	1	0	0	1	0	0	0	0	0	1	0	1	1	1	1	0	0	1	0	1	1	1	0	1	0	1	1	0	0	1	0	1	0	1	0	0	NA
74	F	N	N	2	Pair1_300	0.908	A	1	1	1	1	1	0	1	0	1	1	1	1	0	0	1	1	0	0	0	1	1	1	1	1	1	1	0	0	1	0	1	1	0	1	0	0	1	1	0	1	0	1	1	0	1	1	0	NA
75	M	N	Y	6	Pair2_730	0.818333333	B	1	1	0	0	0	0	1	0	1	1	0	1	1	1	1	0	1	1	0	1	0	1	1	1	1	1	0	0	1	1	1	0	0	0	1	0	1	0	0	1	1	0	1	1	1	1	0	NA
76	F	N	Y	6	Pair1_730	0.785502008	C	1	1	0	1	0	0	1	0	1	0	1	1	1	0	1	0	0	1	1	1	1	1	1	1	1	1	1	0	1	1	0	1	0	1	1	0	1	0	0	1	1	0	1	0	1	1	1	0
77	F	N	Y	6	Pair2_730	0.750606426	C	1	0	1	1	0	1	1	0	1	0	1	1	1	0	1	1	0	1	0	1	1	0	1	1	1	1	0	0	1	0	1	1	0	1	1	0	1	0	1	1	1	0	1	0	1	1	0	0
78	M	Y	Y	4	Pair1_430	0.800333333	B	1	0	1	1	1	1	0	1	1	1	1	0	0	1	0	1	0	1	0	1	1	0	1	1	1	1	1	1	1	1	1	1	1	0	1	0	0	0	0	1	0	1	0	0	1	0	1	0
79	M	N	Y	2_4	Pair2_430	0.719309237	C	1	0	1	0	0	0	1	1	1	1	1	0	1	0	1	1	0	1	0	0	1	1	1	1	1	1	0	0	1	1	1	1	1	0	1	1	1	0	0	1	0	0	1	0	NA	NA	NA	0
80	F	Y	Y	2	Pair1_430	0.905674699	A	1	0	1	0	1	0	1	0	0	1	1	0	1	1	1	0	0	0	1	1	0	1	1	1	1	0	1	0	1	0	0	1	1	0	1	1	1	0	0	1	0	1	1	1	1	0	0	1
81	F	N	Y	6	Pair2_600	0.884	B	1	0	1	1	0	0	1	0	1	1	1	1	0	1	1	1	0	1	1	0	1	1	1	1	1	1	0	0	1	0	1	1	1	0	1	0	1	0	0	1	1	0	1	1	0	1	1	NA
82	M	N	Y	6	Pair1_600	0.908666667	A	1	1	0	1	1	0	1	0	1	1	1	1	0	0	0	0	0	1	0	1	1	1	1	1	1	1	0	0	1	0	1	1	1	0	1	1	1	0	1	1	0	0	1	0	1	1	0	NA
83	M	Y	Y	4	Pair2_730	0.928	A	1	0	0	0	1	0	1	1	1	1	0	1	0	1	1	1	1	0	1	1	1	1	1	0	0	0	1	0	1	1	1	1	1	0	0	0	1	1	1	1	1	0	1	1	1	0	1	NA
84	F	N	Y	2	Pair2_300	0.890550201	B	1	1	1	1	0	0	1	0	1	0	0	0	0	0	1	0	0	0	0	0	1	0	1	1	1	1	1	1	1	0	0	1	1	1	1	0	1	0	0	1	0	1	1	0	1	0	0	1
85	F	N	N	6	Pair2_300	0.795730924	B	1	1	1	1	0	0	0	0	1	1	0	1	1	0	0	1	0	1	1	1	1	1	1	0	1	1	0	1	1	1	0	1	1	0	1	0	1	0	1	1	1	1	1	0	0	1	0	1
86	M	Y	Y	1	Pair2_430	0.735329317	C	1	1	1	1	1	0	1	0	0	0	0	1	1	1	1	1	0	0	0	0	0	0	1	1	1	1	0	0	1	0	1	1	1	1	1	0	1	0	1	1	1	0	0	1	NA	NA	NA	1
87	M	N	Y	6	Pair1_730	0.796666667	B	1	1	1	1	1	1	1	0	0	1	1	1	1	0	1	1	0	1	0	1	1	0	1	1	1	1	0	0	1	1	1	1	1	0	1	0	1	1	0	1	0	1	1	0	1	0	1	1
88	M	N	Y	6	Pair1_430	0.825666667	B	1	1	0	1	0	0	1	0	1	0	0	0	0	1	1	1	0	0	1	0	0	1	1	0	1	1	1	1	0	1	1	1	0	0	0	1	1	1	0	0	1	1	1	1	1	1	0	1
89	F	Y	Y	4	Pair2_300	0.711333333	C	1	1	1	1	0	0	1	0	1	1	1	0	1	1	1	1	1	0	1	0	0	1	1	1	1	1	1	0	0	0	1	1	1	0	1	0	1	1	1	0	1	1	0	1	1	1	0	NA
90	F	N	Y	6	Pair1_300	0.819666667	B	1	1	0	0	0	0	1	0	1	1	1	1	0	0	1	1	1	0	1	0	1	0	1	1	1	1	1	1	1	0	1	1	0	1	1	0	0	0	1	1	0	1	1	0	1	1	0	NA
91	M	N	Y	6	Pair2_430	0.798333333	B	1	0	1	1	1	0	1	1	1	0	1	1	0	0	1	0	0	1	1	1	1	1	1	1	1	0	1	1	0	1	0	1	1	1	1	0	1	0	1	1	0	1	1	0	1	0	1	NA
92	M	Y	Y	6	Pair1_430	0.877666667	B	1	0	0	1	0	0	1	0	1	1	1	0	1	0	1	1	0	1	0	1	1	0	1	1	1	1	0	0	1	0	1	1	1	1	1	0	1	1	0	1	0	1	1	0	1	0	0	NA
93	F	N	Y	6	Pair2_300	0.918341365	A	1	1	0	0	1	0	0	1	1	1	1	0	0	0	1	0	1	1	1	0	1	1	1	1	1	0	1	1	1	0	0	1	1	1	0	0	1	1	1	1	1	1	0	1	1	0	0	0
94	F	N	Y	6	Pair1_300	0.766606426	C	1	0	0	1	0	0	1	0	1	1	0	0	0	1	1	1	1	0	1	1	1	1	1	1	1	1	1	0	1	0	1	1	0	0	1	1	1	1	1	0	1	0	1	1	1	1	0	0
95	M	N	Y	6	Pair2_430	0.774666667	C	1	0	0	1	0	0	1	0	1	1	1	0	0	0	1	1	0	1	0	0	0	1	1	1	1	1	1	1	1	0	1	1	1	1	1	0	1	0	1	1	0	1	0	0	1	1	0	0
96	F	N	Y	6	Pair1_600	0.901855422	A	1	1	1	0	1	0	1	0	0	1	1	0	1	0	1	1	0	1	1	1	1	0	1	0	1	1	1	0	1	0	1	1	1	0	1	0	1	1	1	1	0	1	1	1	1	1	0	1
97	F	Y	Y	4	Pair2_600	0.74	C	1	1	1	0	1	1	1	0	1	1	0	0	0	0	0	0	0	1	0	1	0	0	1	0	1	1	1	1	1	0	0	1	1	1	1	0	1	1	0	1	1	1	1	0	1	0	0	1
98	F	N	Y	6	Pair2_300	0.89113253	B	1	0	1	1	1	1	1	0	1	1	1	0	1	0	1	0	1	1	1	1	1	1	1	0	0	0	1	1	1	0	1	1	1	1	1	1	1	0	0	1	1	1	1	1	1	0	1	1
99	M	N	Y	6	Pair2_430	0.772016064	C	1	0	1	0	0	0	1	0	1	1	1	0	0	0	1	1	1	1	1	1	1	1	1	1	1	0	1	0	1	0	1	1	1	1	1	0	1	1	1	1	1	1	0	0	1	0	0	1
100	M	N	Y	6	Pair2_730	0.809293173	B	1	1	1	0	1	1	1	0	1	1	1	1	1	1	1	0	1	1	0	1	0	0	1	0	1	0	1	1	1	1	1	1	1	1	1	1	1	0	1	1	0	1	0	0	1	0	1	1
101	F	N	Y	2_5	Pair1_430	0.811666667	B	1	1	1	1	0	1	1	0	1	0	1	0	0	0	1	1	1	0	1	1	1	0	1	1	1	1	1	1	1	0	1	0	0	1	0	0	1	1	1	1	1	1	1	0	1	0	0	NA
102	F	N	Y	6	Pair1_300	0.808666667	B	1	1	0	1	0	0	1	0	1	1	1	0	0	0	1	0	0	1	0	1	1	0	1	1	1	0	1	1	0	1	1	1	1	0	1	1	0	0	1	1	1	1	0	1	1	1	0	NA
103	F	Y	Y	6	Pair1_600	0.920666667	A	1	1	1	0	1	1	1	1	1	1	0	1	0	0	1	1	1	1	0	0	1	0	1	1	1	0	1	1	1	1	1	1	0	1	1	0	1	0	1	1	1	1	0	0	1	0	0	NA
104	F	N	Y	4	Pair2_600	0.801333333	B	1	0	1	0	1	1	1	1	1	0	1	0	1	1	1	1	0	1	1	1	1	1	1	0	1	1	1	1	1	1	1	0	1	1	1	0	1	1	1	1	0	1	0	0	1	0	0	NA
105	F	Y	Y	2	Pair2_300	0.9	A	1	1	1	0	1	0	1	0	1	1	0	1	0	1	0	0	0	1	0	1	1	0	1	1	1	1	1	1	1	1	1	0	1	1	0	0	1	0	0	1	1	1	0	1	1	1	0	NA
106	F	N	Y	6	Pair1_730	0.919333333	A	1	1	0	1	0	0	1	0	1	1	0	1	1	0	1	1	1	1	1	1	1	1	1	0	1	1	0	0	1	0	1	1	1	1	1	0	1	1	1	1	0	1	1	1	1	1	0	NA
107	F	Y	Y	4	Pair1_300	0.929	A	1	0	1	1	1	0	1	1	1	0	0	0	1	0	1	0	0	1	1	1	0	1	1	0	1	0	1	1	1	0	1	1	1	1	1	1	1	0	1	1	0	1	1	0	1	0	0	NA
108	F	Y	Y	6	Pair1_600	0.961333333	A	1	1	0	1	0	0	1	1	1	1	1	1	0	0	1	1	0	1	1	1	1	1	1	1	1	1	1	1	1	0	1	0	1	1	0	0	1	0	1	1	1	1	1	0	NA	NA	NA	NA
109	M	Y	N	3	Pair2_430	0.817666667	B	1	0	0	0	0	0	1	0	1	1	1	0	0	0	0	0	0	1	0	1	1	0	1	0	1	0	1	1	1	0	1	1	1	1	1	0	1	1	1	1	0	1	1	0	1	1	1	NA
110	M	N	Y	6	Pair2_600	0.849333333	B	1	1	1	1	0	0	1	0	1	1	1	1	0	1	1	0	1	1	1	0	1	1	1	1	1	1	1	0	1	0	1	1	1	1	1	0	1	0	1	1	0	1	1	0	1	0	1	NA
111	M	N	Y	2	Pair2_430	0.831333333	B	1	0	1	1	0	0	1	0	1	1	1	0	0	1	0	0	1	1	1	1	0	0	1	0	1	0	0	1	1	1	1	1	1	1	1	1	1	0	1	1	1	1	0	0	1	0	0	NA
112	M	Y	Y	4	Pair2_600	0.854666667	B	1	1	0	1	1	0	1	0	0	1	0	0	0	0	1	0	0	1	1	0	0	1	1	1	1	1	1	1	1	0	1	0	0	1	1	0	1	0	1	1	1	1	1	1	1	0	1	0
113	F	N	Y	2	Pair2_430	0.883751004	B	1	1	1	1	1	0	1	0	1	1	1	0	1	0	1	0	0	1	1	1	1	1	1	1	1	1	1	1	1	0	1	1	1	1	1	0	1	0	0	1	1	1	1	0	1	0	0	1
114	F	N	Y	2_5_6	Pair2_430	0.87111245	B	1	1	1	0	0	0	1	0	1	1	1	0	0	0	1	1	1	1	1	1	0	1	1	1	1	1	1	0	0	0	1	1	1	1	1	1	1	0	1	1	1	1	0	1	NA	NA	NA	1
115	F	N	Y	6	Pair1_300	0.822	B	1	0	1	1	1	1	1	1	1	0	0	1	1	1	1	0	0	1	1	1	1	1	1	1	1	1	1	0	1	0	1	0	1	1	1	1	1	0	0	1	1	1	1	1	1	0	1	NA
116	F	N	Y	2	Pair2_300	0.867	B	1	1	0	1	1	0	1	0	1	1	1	0	0	0	1	1	1	1	1	1	1	0	1	0	1	1	1	1	1	0	1	1	1	1	1	1	1	1	1	1	0	1	0	0	1	0	0	NA
117	M	N	Y	6	Pair1_600	0.906666667	A	1	1	0	1	0	0	1	1	1	0	1	1	1	1	0	0	1	1	1	1	1	1	1	1	1	1	1	0	1	0	1	1	1	0	1	1	0	0	1	1	1	1	1	1	1	1	0	NA
118	M	N	Y	2	Pair1_430	0.944666667	A	1	1	1	0	0	0	1	0	1	1	1	1	0	1	1	1	0	1	0	1	1	1	1	1	1	1	1	0	0	1	1	0	0	1	1	1	1	1	0	1	1	1	1	1	1	0	0	NA
119	M	Y	Y	6	Pair2_430	0.901333333	A	1	0	0	0	1	1	0	1	1	1	1	1	1	0	1	1	0	1	1	1	1	1	1	0	1	1	1	1	0	1	1	1	1	1	1	0	1	0	1	1	1	1	1	0	NA	NA	NA	NA
120	M	Y	Y	6	Pair2_600	0.942666667	A	1	1	1	1	1	1	1	0	1	1	1	1	0	1	1	0	1	1	1	1	1	1	1	1	1	0	0	0	1	0	1	1	1	1	1	0	1	1	1	1	1	1	1	1	1	0	1	NA
121	M	N	Y	6	Pair2_430	0.744072289	C	1	1	1	1	0	0	1	0	1	1	1	1	0	0	1	1	0	1	0	0	1	1	1	1	1	1	0	0	1	0	1	1	1	1	1	0	1	1	1	1	1	1	1	1	1	0	1	0
122	M	Y	Y	2	Pair1_730	0.861473896	B	1	1	1	0	0	0	0	1	0	0	0	0	0	1	1	1	0	1	1	1	1	1	1	1	0	1	1	1	1	1	1	1	1	1	0	1	1	0	1	1	0	1	1	1	1	0	1	0
123	F	N	Y	4_6	Pair1_300	0.776168675	C	1	0	0	0	1	1	1	1	0	1	0	0	1	1	1	1	0	1	1	0	1	0	1	1	1	1	1	1	1	1	0	1	1	1	1	1	1	0	1	1	1	0	1	0	1	1	0	1
124	M	N	Y	6	Pair2_730	0.928931727	A	1	1	1	1	0	0	1	0	0	1	1	0	0	0	1	0	0	1	0	1	1	0	1	1	1	1	0	0	1	0	1	1	1	1	1	1	1	0	1	1	1	1	1	1	1	1	0	1
125	M	N	Y	6	Pair1_300	0.898522088	A	1	1	1	1	0	0	1	0	0	1	1	1	1	1	1	0	1	1	1	0	1	1	1	1	1	1	0	0	1	0	1	1	1	1	1	1	1	1	1	1	1	0	1	1	NA	NA	NA	1
126	F	N	Y	2	Pair1_300	0.919333333	A	1	0	0	0	0	0	1	0	1	1	0	0	0	1	0	1	0	0	1	1	1	1	1	0	1	1	1	1	1	1	1	1	1	1	1	1	0	0	1	1	0	1	1	1	1	1	0	NA
127	F	N	Y	6	Pair1_600	0.922333333	A	1	0	1	0	1	1	0	0	1	1	0	0	0	1	1	0	0	1	0	0	1	1	1	1	1	1	1	1	1	0	1	1	1	1	1	0	1	1	1	1	0	1	1	0	1	1	0	NA
128	F	N	Y	6	Pair1_600	0.914666667	A	1	1	1	1	1	0	1	0	1	1	1	1	0	1	0	1	0	1	1	1	1	1	1	1	1	1	1	1	0	1	1	1	1	1	1	0	1	1	1	1	1	1	0	0	1	1	0	NA
129	F	Y	Y	6	Pair2_300	0.932666667	A	1	1	1	1	1	0	1	0	1	1	1	1	1	0	1	0	0	1	0	1	1	1	1	0	1	1	1	1	1	0	1	1	1	1	1	0	1	0	1	1	1	1	1	1	1	0	1	NA
130	F	Y	Y	4	Pair1_300	0.829666667	B	1	1	1	1	0	1	1	1	1	1	1	0	0	1	1	1	0	1	1	1	1	0	1	1	1	1	1	1	1	1	1	1	1	0	1	1	0	0	1	1	0	1	1	1	1	1	0	NA
131	F	Y	Y	6	Pair2_730	0.83	B	1	1	1	1	1	0	1	0	1	1	1	0	1	0	1	1	1	1	1	0	1	1	1	1	0	1	1	0	1	1	1	1	1	1	1	1	1	1	1	1	0	1	1	0	1	1	0	NA
132	M	N	Y	5	Pair1_430	0.724666667	C	1	0	1	0	1	0	1	0	1	0	0	1	0	1	1	1	1	0	1	0	1	0	1	1	1	0	1	1	1	0	1	1	0	1	1	1	1	1	1	1	1	0	1	1	1	0	1	NA
133	M	Y	Y	4	Pair2_430	0.727333333	C	1	1	1	1	1	1	1	0	1	1	1	1	0	0	1	1	1	1	1	1	1	1	1	1	1	1	1	1	1	0	1	1	1	1	1	0	0	0	1	1	1	1	1	1	1	1	0	NA
134	M	Y	Y	4	Pair2_600	0.774666667	C	1	1	1	1	0	1	0	0	1	0	0	0	1	1	1	1	0	1	0	1	1	0	1	1	1	1	1	0	1	0	1	1	1	0	1	1	1	1	0	1	1	1	1	1	1	0	0	NA
135	F	N	Y	6	Pair1_600	0.911417671	A	1	1	1	1	1	1	1	0	1	1	1	0	0	0	0	1	1	1	1	1	1	1	1	1	1	1	1	1	1	0	1	1	1	1	1	0	1	0	1	1	1	1	1	1	1	1	0	0
136	F	N	Y	6	Pair1_300	0.893369478	B	1	1	1	1	0	1	1	0	1	1	1	1	1	0	1	0	0	1	0	1	1	0	1	1	1	1	1	1	1	1	1	0	1	1	1	0	1	1	1	1	1	1	1	0	1	0	0	0
137	F	N	Y	4	Pair1_600	0.910493976	A	1	1	0	0	0	0	1	1	1	1	1	1	1	0	1	1	0	1	1	1	1	1	1	1	1	1	1	1	1	0	1	1	1	1	1	0	1	0	1	1	1	1	1	1	1	0	0	1
138	M	N	Y	2	Pair1_300	0.820710843	B	1	0	1	1	0	0	0	0	1	1	1	0	1	1	1	1	1	1	1	0	1	1	1	1	1	1	1	1	1	0	1	1	1	1	1	1	1	0	1	1	0	1	1	1	1	0	1	1
139	M	Y	Y	2	Pair1_430	0.778987952	C	1	1	0	1	1	0	0	0	1	1	1	0	0	0	1	1	0	0	1	0	0	1	1	0	1	1	1	0	1	0	1	1	1	1	1	1	1	1	1	1	1	1	1	1	1	1	0	1
140	F	N	Y	6	Pair1_300	0.92	A	1	0	1	1	1	1	0	0	1	1	1	1	1	0	1	0	1	1	1	1	1	1	1	0	1	1	1	1	1	0	1	1	1	1	1	1	1	0	1	1	1	1	1	1	1	0	1	NA
141	F	N	Y	4_6	Pair1_300	0.81639759	B	1	1	1	1	1	0	1	1	1	1	0	1	1	1	1	0	1	1	1	1	1	0	1	1	1	1	1	1	1	1	1	1	1	1	1	0	1	0	1	1	1	1	1	0	NA	NA	NA	NA
142	F	Y	Y	6	Pair2_430	0.941333333	A	1	1	1	1	1	0	1	0	1	1	1	1	1	1	1	1	1	1	1	1	1	1	1	1	1	1	1	1	1	1	1	1	1	1	1	0	1	1	1	1	0	1	1	0	1	0	0	NA
143	M	N	Y	2	Pair2_300	0.97	A	1	1	1	1	1	1	0	1	1	1	1	0	1	1	1	0	1	1	0	1	1	0	1	1	1	1	1	1	1	1	1	1	1	1	1	0	1	1	1	1	0	1	1	0	1	0	0	NA
144	M	N	Y	6	Pair1_600	0.815	B	1	0	1	1	1	1	0	1	1	1	1	0	1	1	1	0	0	1	0	1	1	1	1	0	1	1	1	0	1	1	1	1	1	1	1	1	1	0	1	1	1	1	1	1	1	1	0	NA
145	M	N	Y	6	Pair1_430	0.921666667	A	1	1	1	0	0	0	1	0	1	1	1	0	0	1	0	0	1	1	0	0	1	1	1	1	1	1	1	1	0	1	1	1	1	1	1	1	1	0	1	1	1	1	0	1	1	1	0	NA
146	M	Y	N	2	Pair2_300	0.797666667	B	1	1	1	1	0	1	1	1	1	1	1	1	1	1	1	1	1	1	1	1	1	1	1	1	1	1	1	1	1	1	0	1	1	1	0	1	1	1	1	1	1	1	0	1	1	1	0	NA
147	M	N	Y	2	Pair1_600	0.922666667	A	1	1	1	1	0	0	1	0	1	1	1	0	1	0	1	0	0	1	1	1	1	0	1	1	1	1	1	0	1	0	1	1	1	1	1	1	1	1	0	1	1	1	1	1	1	0	1	NA
148	M	N	Y	6	Pair1_430	0.920333333	A	1	1	1	1	1	0	0	0	1	1	1	1	1	1	1	0	0	1	0	1	1	1	1	0	1	1	1	1	1	1	1	1	1	1	1	1	1	0	1	1	1	0	1	1	1	1	0	NA
149	F	N	Y	6	Pair2_430	0.855333333	B	1	0	0	1	1	1	1	0	1	1	1	1	0	0	1	1	0	1	1	1	1	1	1	1	1	1	1	1	1	1	1	1	1	1	1	0	1	1	1	1	1	1	1	0	1	1	0	0
150	F	N	Y	2_4_5_6	Pair1_300	0.887951807	B	1	1	0	0	1	1	1	1	1	1	1	1	0	0	1	1	1	1	1	1	1	1	1	1	1	0	1	0	1	1	1	1	1	1	1	1	1	1	1	1	1	1	1	1	1	0	1	1
151	F	N	Y	6	Pair1_430	0.914827309	A	1	1	1	1	1	1	1	1	1	1	1	0	1	1	1	1	0	1	1	1	1	1	1	1	1	1	1	1	1	1	1	0	1	1	1	0	1	1	1	1	1	1	1	1	1	0	0	1
152	M	Y	Y	6	Pair1_600	0.864666667	B	1	1	1	1	1	0	0	1	1	1	1	1	0	1	1	1	1	1	1	0	1	1	1	1	1	1	1	0	1	1	1	1	1	1	1	1	0	1	1	1	1	1	1	1	1	0	0	1
153	M	N	Y	6	Pair2_600	0.782666667	C	1	0	1	1	1	1	0	1	1	1	1	0	0	1	0	1	0	0	0	1	1	0	1	0	1	0	1	1	1	1	1	1	1	1	1	1	1	1	1	1	1	1	1	1	1	1	0	1
154	F	N	Y	6	Pair2_600	0.960333333	A	1	1	1	1	0	0	1	0	0	1	1	0	1	0	1	0	0	1	1	0	1	1	1	1	1	1	0	1	1	1	1	1	1	1	1	1	1	0	1	1	1	1	1	1	1	1	0	NA
155	F	N	Y	6	Pair1_600	0.956	A	1	1	0	0	1	1	0	1	1	1	1	1	0	0	1	1	1	1	1	1	1	1	1	1	1	0	1	1	1	1	1	1	1	1	1	0	1	1	1	1	1	1	1	1	1	0	0	NA
156	F	Y	Y	6	Pair1_300	0.948	A	1	1	1	0	1	1	1	1	1	1	1	1	1	0	1	1	1	1	1	1	1	1	1	1	1	0	1	1	1	1	1	1	1	1	1	1	1	0	1	1	1	1	1	1	1	0	1	NA
157	F	N	Y	6	Pair2_730	0.816333333	B	1	1	1	1	0	0	1	1	1	1	1	0	1	1	1	0	0	1	1	1	1	1	1	1	1	1	1	1	1	1	1	1	1	0	1	1	1	0	1	1	1	1	1	1	1	0	0	NA
158	F	N	Y	6	Pair2_730	0.811333333	B	1	1	0	1	1	1	1	1	1	0	0	1	0	1	1	1	1	1	1	1	1	1	1	1	1	1	1	1	1	1	1	0	1	1	1	1	1	0	1	1	1	1	1	1	1	1	1	NA
159	F	N	Y	6	Pair1_430	0.928	A	1	1	0	1	1	0	1	1	1	0	1	1	1	1	1	0	1	1	1	1	1	1	1	1	1	1	1	1	1	1	1	0	1	1	1	1	1	0	1	1	1	1	1	1	1	0	0	NA
160	F	N	Y	2_6	Pair1_600	0.949	A	1	1	1	0	1	1	1	1	1	1	1	0	1	1	1	0	1	1	1	1	1	1	1	0	1	1	1	1	1	1	1	1	1	1	1	1	1	0	1	1	1	1	1	1	NA	NA	NA	NA
161	F	N	Y	6	Pair1_600	0.954666667	A	1	1	0	1	1	1	1	1	1	1	1	1	0	0	1	1	1	1	1	1	1	1	1	1	1	1	1	1	1	1	1	1	1	1	1	0	1	0	1	1	1	1	1	1	1	0	1	NA
162	M	N	Y	6	Pair1_730	0.851333333	B	1	0	1	1	1	1	1	1	1	1	1	1	1	1	1	1	1	1	1	1	1	1	1	1	1	1	1	1	1	1	1	1	1	0	1	1	0	1	1	1	1	1	1	1	1	0	0	NA
163	M	N	Y	6	Pair1_600	0.968666667	A	1	1	1	1	1	1	1	0	1	0	1	1	0	0	1	0	1	1	1	1	1	1	1	1	1	1	1	0	1	1	1	1	1	1	1	1	1	0	1	1	1	1	1	1	1	0	1	NA
164	M	N	Y	4_6	Pair2_430	0.903333333	A	1	0	0	0	1	1	1	1	1	0	1	1	1	0	1	1	0	1	1	0	1	0	1	1	1	0	1	1	1	1	1	0	1	1	1	1	1	1	1	1	1	1	1	1	1	0	1	NA
165	M	N	Y	6	Pair2_430	0.912333333	A	1	1	1	1	1	0	1	1	1	1	1	1	1	1	1	1	1	1	1	1	1	1	1	1	1	1	1	0	1	1	1	1	1	1	1	1	1	0	1	1	1	1	1	1	1	1	0	NA
166	M	N	Y	6	Pair1_600	0.916666667	A	1	1	0	1	1	1	1	0	1	1	1	1	0	0	1	0	0	1	1	1	1	1	1	1	1	1	1	1	1	1	1	1	1	1	1	0	1	0	1	1	1	1	1	1	1	1	1	NA
167	M	N	Y	3	Pair1_600	0.959333333	A	1	1	1	1	1	1	1	0	1	1	1	0	1	0	1	1	1	1	1	1	1	1	1	1	1	1	1	1	1	0	1	1	1	1	1	0	1	1	1	1	1	1	1	1	1	0	0	NA
168	M	Y	Y	3_6	Pair2_600	0.879702811	B	1	0	1	1	1	1	1	0	1	1	0	1	0	1	1	0	1	1	1	1	1	1	1	1	1	1	1	1	1	1	1	1	1	1	1	1	1	1	0	1	1	1	1	1	1	0	0	0
169	F	Y	Y	6	Pair1_600	0.885293173	B	1	0	1	0	1	0	0	1	1	1	0	1	0	1	1	1	1	1	1	1	1	1	1	1	1	1	1	1	1	1	1	1	1	1	1	1	1	0	1	1	1	1	1	1	1	1	0	1
170	F	N	Y	2	Pair2_430	0.918361446	A	1	1	1	1	1	0	1	1	1	1	1	1	0	0	1	0	1	1	0	0	1	0	1	1	1	1	1	1	1	1	1	1	1	1	1	1	1	0	1	1	1	1	1	1	1	1	0	1
171	M	N	Y	6	Pair2_430	0.89626506	A	1	0	1	1	1	1	1	1	1	1	1	1	1	1	1	1	1	1	1	1	1	1	1	0	1	1	1	1	1	1	1	1	1	1	1	1	1	1	1	1	1	1	1	1	1	0	1	1
172	M	N	Y	6	Pair2_430	0.912618474	A	1	1	1	1	1	1	1	1	1	1	1	1	1	1	1	1	1	1	1	1	1	1	1	1	1	1	1	1	1	1	1	1	1	1	1	1	1	0	1	1	1	1	1	1	1	1	0	1
173	M	N	Y	6	Pair1_730	0.855	B	1	1	1	1	1	1	1	1	1	1	1	1	1	1	1	1	1	1	1	1	1	1	1	1	1	1	1	1	1	1	1	1	1	1	0	1	1	1	1	1	1	1	1	1	1	0	1	1
174	M	N	Y	6	Pair2_300	0.746871486	C	1	0	0	1	0	0	1	0	1	1	0	0	0	0	0	1	0	1	0	0	1	0	1	1	1	1	1	1	1	1	0	1	1	1	1	1	1	1	1	1	1	1	1	1	1	1	0	1
175	M	N	Y	6	Pair1_300	0.88097992	B	1	1	1	1	1	1	1	1	1	1	1	1	1	1	1	1	1	1	1	1	1	0	1	1	1	1	1	1	1	1	1	1	1	1	1	1	1	1	1	1	0	1	1	1	NA	NA	NA	1
176	F	N	Y	4_5	Pair2_300	0.862666667	B	1	0	1	1	1	1	1	0	1	0	0	1	0	0	1	0	1	1	1	1	1	1	1	1	1	1	1	1	1	1	1	1	1	1	1	1	1	0	1	1	1	1	1	1	NA	NA	NA	NA
177	F	N	Y	6	Pair1_600	0.939	A	1	1	1	1	1	1	1	1	1	1	1	1	0	1	1	1	1	1	1	1	1	1	1	0	1	1	1	1	1	1	1	1	1	1	1	1	1	1	1	1	1	1	1	1	1	1	0	NA
178	F	N	Y	1_3_6	Pair1_300	0.928	A	1	1	1	0	1	1	1	1	1	1	1	1	1	1	1	1	1	1	1	1	1	1	1	1	1	0	1	1	1	1	1	1	1	1	1	1	1	1	1	1	1	1	1	1	1	0	1	NA
179	F	N	Y	6	Pair1_300	0.918	A	1	0	1	1	0	0	1	0	1	1	1	1	1	1	0	1	1	1	1	1	1	1	1	1	1	1	1	1	1	1	1	1	1	1	1	1	0	1	1	1	1	1	1	1	1	0	1	NA
180	F	N	Y	6	Pair2_300	0.91	A	1	0	0	1	0	1	0	1	1	1	1	1	0	1	1	0	1	1	1	1	1	1	1	1	1	1	1	1	1	1	1	1	1	1	1	1	1	0	1	1	1	1	1	1	1	1	0	NA
181	F	N	Y	6	Pair2_730	0.893666667	B	1	1	1	1	1	0	1	1	1	1	1	0	1	1	1	0	1	1	1	1	1	1	1	1	1	1	1	1	1	0	1	1	1	1	1	1	1	1	1	1	1	1	1	1	1	1	0	NA
182	F	Y	Y	6	Pair1_600	0.85	B	1	1	1	1	1	0	1	0	1	1	1	1	1	1	1	1	1	1	1	1	1	1	1	1	1	1	1	1	1	0	1	1	1	1	1	1	1	1	1	1	1	1	1	1	1	1	0	NA
183	F	N	Y	6	Pair2_430	0.933666667	A	1	1	1	1	0	0	1	1	1	1	1	1	0	0	1	0	1	1	0	1	1	0	1	1	1	1	1	1	1	1	1	1	1	1	1	1	1	0	1	1	1	1	1	1	1	0	0	NA
184	M	Y	Y	6	Pair1_300	0.930666667	A	1	1	0	1	1	0	1	0	1	1	1	1	0	0	0	0	1	1	0	1	1	1	1	1	1	1	1	1	1	1	1	1	1	1	1	0	1	1	1	1	1	1	1	1	1	0	1	NA
185	M	N	Y	4	Pair2_730	0.908	A	1	1	0	1	1	1	1	0	0	1	1	1	1	1	1	1	0	1	1	1	1	1	1	1	1	1	1	1	1	0	1	1	1	1	1	1	1	1	1	1	1	1	1	1	1	0	1	NA
186	M	N	Y	6	Pair2_430	0.921666667	A	1	0	1	1	1	1	1	1	1	1	1	1	0	0	1	1	1	1	1	1	1	1	1	0	1	1	1	1	1	1	1	1	1	1	1	1	1	1	1	1	1	1	1	1	1	0	1	NA
187	M	N	Y	4	Pair2_730	0.910666667	A	1	1	1	1	1	1	1	1	1	0	0	1	0	1	1	0	1	1	1	1	1	1	1	1	1	1	1	1	1	1	1	1	1	1	1	1	1	1	1	1	0	1	1	1	1	0	1	NA
188	M	N	Y	4_6	Pair1_600	0.823333333	B	1	1	1	1	1	0	1	1	1	1	0	1	1	1	1	1	1	1	1	1	1	1	1	1	1	1	1	1	1	1	1	1	1	1	1	1	1	0	1	1	1	1	1	1	1	0	1	NA
189	F	N	Y	4	Pair2_430	0.779333333	C	1	0	1	1	0	1	0	0	0	0	0	0	1	0	1	0	0	1	0	1	0	1	1	1	1	1	1	1	1	1	1	1	1	1	1	1	1	1	1	1	1	1	1	1	1	NA	0	0
190	F	N	Y	6	Pair1_300	0.89297992	B	1	1	1	0	1	1	1	1	1	1	0	1	1	0	0	1	1	1	1	1	0	1	1	1	1	1	1	1	1	1	1	1	1	1	1	1	1	1	1	1	1	1	1	1	1	0	1	1
191	F	N	Y	6	Pair2_300	0.897666667	A	1	0	1	0	1	0	0	0	1	1	0	1	1	1	1	1	1	0	1	1	1	1	1	1	1	1	1	1	1	1	1	1	1	1	1	1	1	1	1	1	1	1	1	1	0	0	0	1
192	M	N	Y	6	Pair1_430	0.933827309	A	1	1	0	1	1	1	1	0	1	1	1	1	0	0	1	1	1	1	1	1	1	1	1	1	1	1	1	1	1	1	1	1	1	1	1	1	1	1	1	1	1	1	1	1	1	0	1	1
193	M	N	Y	6	Pair1_300	0.869389558	B	1	1	1	0	0	1	0	1	1	1	0	0	1	0	1	0	1	0	0	0	0	0	1	1	1	1	1	1	1	1	1	1	1	1	1	1	1	1	1	1	1	1	1	1	1	0	0	1
194	F	N	Y	6	Pair2_430	0.949	A	1	1	0	1	1	1	1	1	1	1	1	1	1	1	0	1	1	1	1	1	1	1	1	1	1	1	1	1	1	1	1	1	1	1	1	1	1	1	1	1	1	1	1	1	1	0	0	NA
195	F	N	Y	4_6	Pair2_300	0.895465863	A	1	1	0	1	1	0	1	0	1	1	1	1	0	1	1	1	1	1	1	1	1	1	1	1	1	1	1	1	1	1	1	1	1	1	1	1	1	1	1	1	1	1	1	1	1	1	1	NA
196	F	Y	Y	2	Pair2_730	0.943333333	A	1	1	1	1	0	0	1	0	0	1	1	0	0	0	0	1	0	1	1	1	1	1	1	1	1	1	1	1	1	1	1	1	1	1	1	1	1	1	1	1	1	1	1	1	1	1	0	NA
197	F	N	Y	6	Pair2_300	0.923	A	1	1	1	0	1	0	1	0	1	1	1	1	1	1	1	1	0	1	1	1	1	1	1	1	1	1	1	1	1	1	1	1	1	1	1	1	1	1	1	1	1	1	1	1	1	1	1	NA
198	F	N	Y	6	Pair2_300	0.941333333	A	1	1	1	1	1	1	1	1	1	1	1	1	1	1	1	1	1	1	1	1	1	1	1	1	1	1	1	1	1	1	1	1	1	1	1	1	1	1	1	1	1	1	1	1	1	1	0	NA
199	F	Y	Y	6	Pair2_300	0.924	A	1	0	1	0	1	1	1	1	0	1	0	0	0	1	1	1	1	0	1	0	0	1	1	1	1	1	1	1	1	1	1	1	1	1	1	1	1	1	1	1	1	1	1	1	NA	NA	NA	NA
200	M	N	Y	6	Pair1_600	0.970333333	A	1	1	0	0	1	1	1	1	1	0	0	1	0	1	1	0	1	1	1	1	1	1	1	1	1	1	1	1	1	1	1	1	1	1	1	1	1	1	1	1	1	1	1	1	1	1	1	NA
201	M	Y	Y	2	Pair2_430	0.729666667	C	1	1	1	1	1	1	1	1	1	1	1	1	1	1	1	1	1	1	1	1	1	1	1	1	1	1	1	1	1	1	1	1	1	1	1	1	1	1	1	1	1	1	1	1	1	0	1	NA
202	M	N	Y	2_4_6	Pair2_730	0.858666667	B	1	1	1	0	1	0	1	0	1	1	1	1	1	0	1	1	0	0	0	1	1	1	1	1	1	1	1	1	1	1	1	1	1	1	1	1	1	1	1	1	1	1	1	1	1	0	0	NA
203	M	N	Y	6	Pair2_730	0.822	B	1	1	1	1	1	1	1	1	1	1	1	1	1	1	1	0	1	1	1	1	1	1	1	1	1	1	1	1	1	1	1	1	1	1	1	1	1	1	1	1	1	1	1	1	1	0	0	NA
204	M	N	Y	6	Pair2_600	0.919666667	A	1	0	1	1	1	0	1	1	1	1	1	1	1	1	1	0	1	1	1	1	1	1	1	1	1	1	1	1	1	1	1	1	1	1	1	1	1	1	1	1	1	1	1	1	1	0	1	NA
205	M	N	Y	6	Pair2_300	0.908	A	1	1	1	0	0	0	1	0	1	1	0	1	0	0	0	1	0	0	1	1	0	1	1	1	1	1	1	1	1	1	1	1	1	1	1	1	1	1	1	1	1	1	1	1	1	0	1	NA
206	M	Y	Y	2	Pair1_300	0.8	B	1	1	1	1	1	1	1	1	1	1	1	1	1	1	1	1	1	1	1	1	1	1	1	1	1	1	1	1	1	1	1	1	1	1	1	1	1	1	1	1	1	1	1	1	1	1	0	NA
207	M	N	Y	4	Pair1_730	0.816666667	B	1	0	1	0	0	0	0	1	0	1	0	1	0	0	1	1	0	1	1	1	0	1	1	1	1	0	0	0	1	0	1	1	1	1	1	1	1	1	1	1	1	0	0	1	1	0	1	NA
208	F	N	Y	6	Pair2_600	0.837827309	B	NA	NA	NA	NA	NA	NA	NA	NA	NA	NA	NA	NA	NA	NA	NA	NA	NA	NA	NA	NA	NA	NA	1	0	1	1	0	0	1	0	1	0	0	0	1	0	1	0	0	0	0	1	0	0	1	0	0	1
209	F	Y	Y	4	Pair2_730	0.798168675	B	NA	NA	NA	NA	NA	NA	NA	NA	NA	NA	NA	NA	NA	NA	NA	NA	NA	NA	NA	NA	NA	NA	1	0	0	0	0	0	1	0	1	1	1	0	0	0	1	1	0	1	1	0	1	1	NA	NA	NA	1
210	F	N	Y	2	Pair2_600	0.730666667	C	NA	NA	NA	NA	NA	NA	NA	NA	NA	NA	NA	NA	NA	NA	NA	NA	NA	NA	NA	NA	NA	NA	1	1	1	1	0	0	1	0	0	0	0	0	1	1	0	0	0	1	1	0	1	1	1	0	1	NA
211	M	N	Y	6	Pair1_730	0.490538153	E	NA	NA	NA	NA	NA	NA	NA	NA	NA	NA	NA	NA	NA	NA	NA	NA	NA	NA	NA	NA	NA	NA	1	1	1	1	0	1	0	1	0	1	1	0	0	0	1	1	0	1	0	0	0	1	1	1	1	0
212	M	Y	Y	3_6	Pair2_600	0.741	C	NA	NA	NA	NA	NA	NA	NA	NA	NA	NA	NA	NA	NA	NA	NA	NA	NA	NA	NA	NA	NA	NA	1	1	1	1	1	0	1	0	1	1	1	0	1	0	0	1	0	0	1	0	1	0	NA	NA	NA	NA
213	M	N	Y	2	Pair1_430	0.820666667	B	NA	NA	NA	NA	NA	NA	NA	NA	NA	NA	NA	NA	NA	NA	NA	NA	NA	NA	NA	NA	NA	NA	1	0	1	1	1	1	1	0	0	0	1	1	1	1	1	0	0	0	0	1	1	0	NA	NA	NA	NA
214	F	Y	Y	4_6	Pair2_430	0.768995984	C	NA	NA	NA	NA	NA	NA	NA	NA	NA	NA	NA	NA	NA	NA	NA	NA	NA	NA	NA	NA	NA	NA	1	0	1	1	1	0	1	0	1	1	1	1	1	0	1	0	0	0	1	1	1	0	1	0	1	0
215	F	Y	Y	4	Pair2_600	0.871	B	NA	NA	NA	NA	NA	NA	NA	NA	NA	NA	NA	NA	NA	NA	NA	NA	NA	NA	NA	NA	NA	NA	1	1	1	1	1	1	1	0	1	0	0	1	1	0	1	0	1	1	1	1	1	1	1	0	0	0
216	F	Y	Y	6	Pair1_300	0.884666667	B	NA	NA	NA	NA	NA	NA	NA	NA	NA	NA	NA	NA	NA	NA	NA	NA	NA	NA	NA	NA	NA	NA	1	1	1	1	1	0	0	1	1	1	1	1	1	0	1	1	1	1	1	0	1	1	1	0	1	0
217	F	N	Y	6	Pair1_430	0.912333333	A	NA	NA	NA	NA	NA	NA	NA	NA	NA	NA	NA	NA	NA	NA	NA	NA	NA	NA	NA	NA	NA	NA	1	1	1	0	1	1	1	0	1	1	1	1	1	1	1	1	1	1	1	1	1	1	1	0	0	NA
218	M	N	Y	2	Pair2_300	0.783333333	C	NA	NA	NA	NA	NA	NA	NA	NA	NA	NA	NA	NA	NA	NA	NA	NA	NA	NA	NA	NA	NA	NA	1	1	1	1	1	1	1	1	1	1	1	1	1	1	1	1	1	1	1	1	1	1	1	1	1	1
219	F	N	Y	6	Pair2_300	0.801	B	0	0	1	0	1	1	0	0	1	1	1	0	0	0	1	0	1	1	0	1	1	0	NA	NA	NA	NA	NA	NA	NA	NA	NA	NA	NA	NA	NA	NA	NA	NA	NA	NA	NA	NA	NA	NA	1	1	0	0
220	M	Y	Y	4	Pair1_430	0.786333333	C	0	1	1	1	1	0	0	0	1	0	0	0	1	0	0	0	0	0	0	1	1	0	NA	NA	NA	NA	NA	NA	NA	NA	NA	NA	NA	NA	NA	NA	NA	NA	NA	NA	NA	NA	NA	NA	1	0	1	1
221	M	N	N	4	Pair1_600	0.842570281	B	0	1	0	0	0	0	0	0	1	1	1	1	0	1	1	1	0	1	1	1	1	1	NA	NA	NA	NA	NA	NA	NA	NA	NA	NA	NA	NA	NA	NA	NA	NA	NA	NA	NA	NA	NA	NA	1	1	1	1
222	M	N	Y	6	Pair2_430	0.812759036	B	0	1	0	0	0	0	1	0	1	0	0	1	0	0	1	0	1	1	1	1	1	1	NA	NA	NA	NA	NA	NA	NA	NA	NA	NA	NA	NA	NA	NA	NA	NA	NA	NA	NA	NA	NA	NA	0	0	1	1
223	M	N	Y	2	Pair1_730	0.898285141	A	0	1	1	0	1	1	1	0	1	0	1	1	0	1	0	1	0	1	1	1	1	1	NA	NA	NA	NA	NA	NA	NA	NA	NA	NA	NA	NA	NA	NA	NA	NA	NA	NA	NA	NA	NA	NA	1	0	1	1
224	M	N	Y	4	Pair2_600	0.803016064	B	0	0	1	0	0	0	1	0	0	0	1	0	0	0	1	1	1	0	0	1	0	0	NA	NA	NA	NA	NA	NA	NA	NA	NA	NA	NA	NA	NA	NA	NA	NA	NA	NA	NA	NA	NA	NA	1	1	0	1
225	F	Y	Y	2	Pair2_300	0.476666667	E	0	0	0	0	0	0	1	0	1	0	1	1	1	1	0	0	1	1	1	0	0	1	NA	NA	NA	NA	NA	NA	NA	NA	NA	NA	NA	NA	NA	NA	NA	NA	NA	NA	NA	NA	NA	NA	1	1	0	NA
226	F	N	Y	6	Pair2_430	0.734666667	C	0	0	1	0	0	0	1	1	1	1	1	1	1	0	1	0	1	1	1	0	1	1	NA	NA	NA	NA	NA	NA	NA	NA	NA	NA	NA	NA	NA	NA	NA	NA	NA	NA	NA	NA	NA	NA	NA	NA	NA	NA
227	F	N	Y	6	Pair2_730	0.625176707	D	0	0	1	0	0	0	0	0	1	1	1	0	1	0	1	0	0	1	0	0	1	0	NA	NA	NA	NA	NA	NA	NA	NA	NA	NA	NA	NA	NA	NA	NA	NA	NA	NA	NA	NA	NA	NA	NA	NA	NA	NA
228	F	Y	Y	6	Pair1_430	0.784654618	C	0	0	0	0	1	0	1	0	1	1	0	0	0	1	1	1	1	1	1	1	0	1	NA	NA	NA	NA	NA	NA	NA	NA	NA	NA	NA	NA	NA	NA	NA	NA	NA	NA	NA	NA	NA	NA	NA	NA	NA	NA
229	F	N	Y	6	Pair2_600	0.7	C	0	0	1	1	0	0	1	0	1	1	1	1	1	0	1	1	0	1	1	0	0	0	NA	NA	NA	NA	NA	NA	NA	NA	NA	NA	NA	NA	NA	NA	NA	NA	NA	NA	NA	NA	NA	NA	1	0	0	NA
230	F	N	Y	4_6	Pair2_430	0.825	B	0	0	1	0	0	0	1	0	1	0	1	0	0	0	1	0	0	1	0	0	1	1	NA	NA	NA	NA	NA	NA	NA	NA	NA	NA	NA	NA	NA	NA	NA	NA	NA	NA	NA	NA	NA	NA	1	0	0	NA
231	M	N	Y	5_6	Pair2_300	0.835	B	0	1	1	1	0	1	1	1	1	0	0	1	0	1	1	1	0	1	1	1	1	1	NA	NA	NA	NA	NA	NA	NA	NA	NA	NA	NA	NA	NA	NA	NA	NA	NA	NA	NA	NA	NA	NA	1	1	0	NA
232	F	N	Y	2	Pair2_600	0.609204819	D	1	0	0	0	0	0	0	0	0	1	0	0	1	0	0	0	0	1	1	1	0	0	NA	NA	NA	NA	NA	NA	NA	NA	NA	NA	NA	NA	NA	NA	NA	NA	NA	NA	NA	NA	NA	NA	1	1	0	0
233	F	N	Y	2	Pair2_300	0.781863454	C	1	0	0	1	0	0	1	0	1	1	1	0	0	0	0	0	1	0	1	0	1	0	NA	NA	NA	NA	NA	NA	NA	NA	NA	NA	NA	NA	NA	NA	NA	NA	NA	NA	NA	NA	NA	NA	1	0	0	0
234	F	Y	Y	6	Pair2_600	0.702666667	C	1	0	1	1	0	1	1	0	1	1	1	0	1	0	1	1	1	1	0	1	1	0	NA	NA	NA	NA	NA	NA	NA	NA	NA	NA	NA	NA	NA	NA	NA	NA	NA	NA	NA	NA	NA	NA	1	1	0	0
235	F	N	Y	3	Pair1_430	0.75639759	C	1	1	1	1	0	0	1	0	0	1	1	0	1	0	1	1	1	0	0	1	1	0	NA	NA	NA	NA	NA	NA	NA	NA	NA	NA	NA	NA	NA	NA	NA	NA	NA	NA	NA	NA	NA	NA	1	0	0	1
236	F	N	Y	6	Pair1_300	0.907674699	A	1	1	0	0	1	1	1	1	0	1	0	1	0	0	1	0	1	1	1	1	1	1	NA	NA	NA	NA	NA	NA	NA	NA	NA	NA	NA	NA	NA	NA	NA	NA	NA	NA	NA	NA	NA	NA	1	1	1	1
237	F	N	Y	6	Pair2_430	0.901293173	A	1	1	0	1	1	0	1	0	1	1	1	1	0	0	1	0	1	1	0	1	1	0	NA	NA	NA	NA	NA	NA	NA	NA	NA	NA	NA	NA	NA	NA	NA	NA	NA	NA	NA	NA	NA	NA	1	0	1	1
238	F	N	Y	2	Pair2_600	0.872646586	B	1	0	1	0	0	0	1	0	0	0	0	0	0	0	1	0	0	1	0	1	1	0	NA	NA	NA	NA	NA	NA	NA	NA	NA	NA	NA	NA	NA	NA	NA	NA	NA	NA	NA	NA	NA	NA	1	1	0	1
239	F	N	Y	6	Pair1_730	0.878036145	B	1	1	1	1	1	1	1	0	1	1	1	1	0	0	1	0	1	1	1	1	1	1	NA	NA	NA	NA	NA	NA	NA	NA	NA	NA	NA	NA	NA	NA	NA	NA	NA	NA	NA	NA	NA	NA	1	1	0	1
240	F	N	Y	6	Pair2_600	0.879702811	B	1	1	1	1	1	0	0	0	1	1	1	1	0	0	0	0	0	1	0	0	0	0	NA	NA	NA	NA	NA	NA	NA	NA	NA	NA	NA	NA	NA	NA	NA	NA	NA	NA	NA	NA	NA	NA	1	1	0	1
241	F	Y	Y	4	Pair2_600	0.729349398	C	1	1	1	1	1	1	1	1	1	1	1	1	1	1	1	1	1	0	1	1	0	1	NA	NA	NA	NA	NA	NA	NA	NA	NA	NA	NA	NA	NA	NA	NA	NA	NA	NA	NA	NA	NA	NA	1	1	0	1
242	F	N	Y	6	Pair2_300	0.898341365	A	1	1	1	1	1	1	1	1	1	0	1	1	1	1	1	1	1	1	0	1	1	1	NA	NA	NA	NA	NA	NA	NA	NA	NA	NA	NA	NA	NA	NA	NA	NA	NA	NA	NA	NA	NA	NA	1	0	1	1
243	M	N	Y	6	Pair2_600	0.891779116	B	1	1	0	1	1	1	0	1	0	0	0	0	0	1	1	1	0	1	0	1	1	1	NA	NA	NA	NA	NA	NA	NA	NA	NA	NA	NA	NA	NA	NA	NA	NA	NA	NA	NA	NA	NA	NA	1	1	0	1
244	M	N	Y	6	Pair1_430	0.900417671	A	1	1	1	1	1	1	0	1	1	1	1	1	1	1	1	0	1	1	1	1	1	1	NA	NA	NA	NA	NA	NA	NA	NA	NA	NA	NA	NA	NA	NA	NA	NA	NA	NA	NA	NA	NA	NA	1	0	1	1
245	M	N	Y	2	Pair2_430	0.787084337	C	1	0	0	1	0	1	0	0	0	1	1	0	1	1	0	0	0	1	0	0	1	0	NA	NA	NA	NA	NA	NA	NA	NA	NA	NA	NA	NA	NA	NA	NA	NA	NA	NA	NA	NA	NA	NA	1	1	0	1
246	M	Y	Y	2	Pair1_300	0.806445783	B	1	1	1	1	0	0	1	0	0	0	1	1	1	0	1	0	0	1	0	0	1	1	NA	NA	NA	NA	NA	NA	NA	NA	NA	NA	NA	NA	NA	NA	NA	NA	NA	NA	NA	NA	NA	NA	1	0	1	1
247	F	N	Y	6	Pair1_600	0.941	A	1	0	1	1	1	1	1	0	1	1	1	1	1	0	1	1	1	1	1	1	1	1	NA	NA	NA	NA	NA	NA	NA	NA	NA	NA	NA	NA	NA	NA	NA	NA	NA	NA	NA	NA	NA	NA	1	0	0	NA
248	F	N	Y	6	Pair2_300	0.817666667	B	1	0	1	0	1	0	1	0	1	0	1	1	0	1	1	1	1	1	1	1	1	1	NA	NA	NA	NA	NA	NA	NA	NA	NA	NA	NA	NA	NA	NA	NA	NA	NA	NA	NA	NA	NA	NA	1	0	0	NA
249	F	N	Y	6	Pair2_300	0.916666667	A	1	1	1	0	1	0	1	0	1	1	1	1	1	1	1	0	1	1	1	1	1	1	NA	NA	NA	NA	NA	NA	NA	NA	NA	NA	NA	NA	NA	NA	NA	NA	NA	NA	NA	NA	NA	NA	1	0	0	NA
250	F	N	Y	6	Pair1_730	0.912333333	A	1	1	0	0	1	0	1	0	1	1	1	1	0	0	1	1	0	1	1	1	1	1	NA	NA	NA	NA	NA	NA	NA	NA	NA	NA	NA	NA	NA	NA	NA	NA	NA	NA	NA	NA	NA	NA	1	0	1	NA
251	F	Y	Y	6	Pair2_600	0.947666667	A	1	1	1	1	1	1	1	1	1	0	0	1	0	1	0	0	0	1	1	1	1	1	NA	NA	NA	NA	NA	NA	NA	NA	NA	NA	NA	NA	NA	NA	NA	NA	NA	NA	NA	NA	NA	NA	1	0	1	NA
252	F	N	Y	6	Pair2_730	0.823	B	1	1	1	1	0	0	1	0	1	0	0	1	1	0	0	1	0	1	1	1	1	1	NA	NA	NA	NA	NA	NA	NA	NA	NA	NA	NA	NA	NA	NA	NA	NA	NA	NA	NA	NA	NA	NA	1	0	0	NA
253	F	N	Y	6	Pair1_300	0.818	B	1	1	1	1	1	1	1	1	1	1	1	1	0	0	1	1	0	1	1	1	1	0	NA	NA	NA	NA	NA	NA	NA	NA	NA	NA	NA	NA	NA	NA	NA	NA	NA	NA	NA	NA	NA	NA	1	1	0	NA
254	F	N	Y	2	Pair2_600	0.726666667	C	1	0	1	0	0	0	0	0	0	0	1	0	1	1	1	0	0	1	1	0	1	0	NA	NA	NA	NA	NA	NA	NA	NA	NA	NA	NA	NA	NA	NA	NA	NA	NA	NA	NA	NA	NA	NA	1	0	0	NA
255	F	N	Y	6	Pair2_300	0.845666667	B	1	1	1	0	1	1	1	1	1	0	1	0	0	1	0	1	0	1	0	1	1	1	NA	NA	NA	NA	NA	NA	NA	NA	NA	NA	NA	NA	NA	NA	NA	NA	NA	NA	NA	NA	NA	NA	1	0	0	NA
256	F	N	Y	6	Pair2_430	0.919333333	A	1	0	0	0	1	1	0	1	1	1	1	1	0	0	1	0	0	1	1	1	1	0	NA	NA	NA	NA	NA	NA	NA	NA	NA	NA	NA	NA	NA	NA	NA	NA	NA	NA	NA	NA	NA	NA	NA	NA	NA	NA
257	M	Y	Y	6	Pair2_730	0.817333333	B	1	1	0	0	0	0	1	0	1	0	1	0	0	0	1	1	1	0	1	1	0	1	NA	NA	NA	NA	NA	NA	NA	NA	NA	NA	NA	NA	NA	NA	NA	NA	NA	NA	NA	NA	NA	NA	1	0	1	NA
258	M	N	Y	4	Pair1_430	0.85	B	1	0	1	0	0	0	0	0	1	0	0	0	1	1	1	1	0	0	1	1	0	1	NA	NA	NA	NA	NA	NA	NA	NA	NA	NA	NA	NA	NA	NA	NA	NA	NA	NA	NA	NA	NA	NA	1	1	0	NA
259	M	N	Y	6	Pair2_300	0.954	A	1	1	1	1	1	1	1	0	1	1	1	1	0	1	1	0	1	1	1	1	1	1	NA	NA	NA	NA	NA	NA	NA	NA	NA	NA	NA	NA	NA	NA	NA	NA	NA	NA	NA	NA	NA	NA	1	0	1	NA
260	M	N	Y	6	Pair1_600	0.96	A	1	1	1	1	1	1	0	1	1	1	1	1	1	1	1	0	1	1	1	1	1	1	NA	NA	NA	NA	NA	NA	NA	NA	NA	NA	NA	NA	NA	NA	NA	NA	NA	NA	NA	NA	NA	NA	1	0	0	NA
261	M	N	Y	4	Pair2_300	0.927333333	A	1	1	1	1	1	0	1	0	1	1	1	1	1	1	1	1	1	1	1	1	1	1	NA	NA	NA	NA	NA	NA	NA	NA	NA	NA	NA	NA	NA	NA	NA	NA	NA	NA	NA	NA	NA	NA	1	1	0	NA
262	M	N	Y	6	Pair1_300	0.932	A	1	0	1	1	1	1	1	0	1	0	1	1	0	0	1	0	1	1	1	1	1	1	NA	NA	NA	NA	NA	NA	NA	NA	NA	NA	NA	NA	NA	NA	NA	NA	NA	NA	NA	NA	NA	NA	1	0	0	NA
263	M	Y	Y	6	Pair1_600	0.833959839	B	1	1	1	1	1	0	0	1	1	1	1	1	1	0	1	0	1	1	0	1	1	1	NA	NA	NA	NA	NA	NA	NA	NA	NA	NA	NA	NA	NA	NA	NA	NA	NA	NA	NA	NA	NA	NA	1	0	1	NA
264	M	Y	Y	4	Pair2_600	0.901333333	A	1	0	1	1	0	1	0	0	1	1	0	1	1	0	0	1	0	0	0	1	0	0	NA	NA	NA	NA	NA	NA	NA	NA	NA	NA	NA	NA	NA	NA	NA	NA	NA	NA	NA	NA	NA	NA	1	1	0	NA
265	F	N	Y	2	Pair2_600	0.751815261	C	NA	NA	NA	NA	NA	NA	NA	NA	NA	NA	NA	NA	NA	NA	NA	NA	NA	NA	NA	NA	NA	NA	NA	NA	NA	NA	NA	NA	NA	NA	NA	NA	NA	NA	NA	NA	NA	NA	NA	NA	NA	NA	NA	NA	1	0	0	NA
266	F	N	Y	6	Pair1_430	0.711863454	C	NA	NA	NA	NA	NA	NA	NA	NA	NA	NA	NA	NA	NA	NA	NA	NA	NA	NA	NA	NA	NA	NA	NA	NA	NA	NA	NA	NA	NA	NA	NA	NA	NA	NA	NA	NA	NA	NA	NA	NA	NA	NA	NA	NA	NA	NA	NA	0
267	M	N	Y	6	Pair2_730	0.784321285	C	NA	NA	NA	NA	NA	NA	NA	NA	NA	NA	NA	NA	NA	NA	NA	NA	NA	NA	NA	NA	NA	NA	NA	NA	NA	NA	NA	NA	NA	NA	NA	NA	NA	NA	NA	NA	NA	NA	NA	NA	NA	NA	NA	NA	1	1	0	1
268	M	N	Y	6	Pair1_730	0.73	C	NA	NA	NA	NA	NA	NA	NA	NA	NA	NA	NA	NA	NA	NA	NA	NA	NA	NA	NA	NA	NA	NA	NA	NA	NA	NA	NA	NA	NA	NA	NA	NA	NA	NA	NA	NA	NA	NA	NA	NA	NA	NA	NA	NA	1	1	0	1
269	F	N	Y	6	Pair2_730	0.747666667	C	NA	NA	NA	NA	NA	NA	NA	NA	NA	NA	NA	NA	NA	NA	NA	NA	NA	NA	NA	NA	NA	NA	NA	NA	NA	NA	NA	NA	NA	NA	NA	NA	NA	NA	NA	NA	NA	NA	NA	NA	NA	NA	NA	NA	1	0	0	NA
